7.072243346007605069e-01
6.780735107731304945e-01
5.462610899873256987e-01
5.709759188846641464e-01
6.501901140684410718e-01
4.239543726235741605e-01
6.463878326996197465e-01
6.210392902408111704e-01
6.558935361216730042e-01
6.780735107731304945e-01
5.880861850443599437e-01
7.027883396704689423e-01
5.240811153358682084e-01
6.280101394169834705e-01
6.457541191381495072e-01
5.678073510773130606e-01
6.444866920152091394e-01
6.457541191381495072e-01
7.256020278833966719e-01
6.514575411913815506e-01
