7.256020278833966719e-01
7.072243346007605069e-01
7.027883396704689423e-01
6.780735107731304945e-01
6.780735107731304945e-01
6.501901140684410718e-01
5.709759188846641464e-01
6.628643852978454154e-01
5.513307984790875027e-01
6.907477820025348381e-01
6.818757921419518198e-01
6.692015209125474762e-01
6.768060836501901267e-01
6.673003802281368690e-01
6.096324461343473056e-01
5.773130544993663182e-01
6.508238276299113112e-01
5.532319391634981098e-01
5.126742712294043436e-01
7.110266159695817212e-01
