7.256020278833966719e-01
7.110266159695817212e-01
7.072243346007605069e-01
7.027883396704689423e-01
6.907477820025348381e-01
6.818757921419518198e-01
6.780735107731304945e-01
5.126742712294043436e-01
6.812420785804815804e-01
6.565272496831432436e-01
7.667934093789606775e-01
6.755386565272496480e-01
6.869455006337135128e-01
7.135614702154625677e-01
6.444866920152091394e-01
6.223067173637515381e-01
6.882129277566539916e-01
7.084917617237008747e-01
7.667934093789606775e-01
6.730038022813688015e-01
