7.667934093789606775e-01
7.667934093789606775e-01
7.256020278833966719e-01
7.135614702154625677e-01
7.110266159695817212e-01
7.027883396704689423e-01
6.730038022813688015e-01
6.565272496831432436e-01
7.794676806083650211e-01
7.572877059569075309e-01
7.420785804816223408e-01
6.939163498098859240e-01
7.953105196451204506e-01
7.382762991128010155e-01
6.939163498098859240e-01
7.135614702154625677e-01
5.785804816223066860e-01
7.243346007604563042e-01
7.338403041825094508e-01
5.982256020278834407e-01
