2.087056771597260441e-01 3.000000000000000000e+00 8.880000000000000000e+02 1.330000000000000000e+02 9.880000000000000000e+02
2.906797433778784967e-01 3.000000000000000000e+00 2.550000000000000000e+02 6.410000000000000000e+02 2.820000000000000000e+02
2.771333969237532169e-01 3.000000000000000000e+00 2.840000000000000000e+02 2.190000000000000000e+02 5.090000000000000000e+02
3.585844983307545086e-01 3.000000000000000000e+00 2.640000000000000000e+02 5.960000000000000000e+02 2.820000000000000000e+02
4.433669692873898893e-01 3.000000000000000000e+00 5.930000000000000000e+02 3.650000000000000000e+02 1.240000000000000000e+02
4.388202761112734995e-01 3.000000000000000000e+00 2.200000000000000000e+02 5.990000000000000000e+02 6.340000000000000000e+02
3.805226534127013061e-01 3.000000000000000000e+00 3.260000000000000000e+02 6.240000000000000000e+02 6.880000000000000000e+02
4.133510679767049001e-01 3.000000000000000000e+00 3.730000000000000000e+02 2.060000000000000000e+02 3.750000000000000000e+02
4.077765281915279871e-01 3.000000000000000000e+00 4.310000000000000000e+02 4.760000000000000000e+02 1.580000000000000000e+02
3.313600773191218707e-01 3.000000000000000000e+00 9.530000000000000000e+02 7.500000000000000000e+02 2.920000000000000000e+02
4.036418434345485640e-01 3.000000000000000000e+00 7.610000000000000000e+02 2.290000000000000000e+02 5.350000000000000000e+02
2.031585169332751351e-01 3.000000000000000000e+00 4.080000000000000000e+02 4.090000000000000000e+02 8.390000000000000000e+02
3.261068568167348469e-01 3.000000000000000000e+00 9.970000000000000000e+02 7.450000000000000000e+02 6.990000000000000000e+02
3.030263713598222997e-01 3.000000000000000000e+00 2.890000000000000000e+02 1.280000000000000000e+02 8.100000000000000000e+02
2.816958158073205043e-01 3.000000000000000000e+00 3.290000000000000000e+02 5.370000000000000000e+02 4.830000000000000000e+02
3.021640309683292225e-01 3.000000000000000000e+00 7.200000000000000000e+01 9.890000000000000000e+02 7.300000000000000000e+01
2.328670888029177322e-01 3.000000000000000000e+00 6.320000000000000000e+02 8.240000000000000000e+02 2.760000000000000000e+02
2.176969712031626702e-01 3.000000000000000000e+00 1.130000000000000000e+02 4.450000000000000000e+02 1.600000000000000000e+02
2.588876959640508679e-01 3.000000000000000000e+00 9.710000000000000000e+02 9.940000000000000000e+02 9.600000000000000000e+01
4.135876895588658231e-01 3.000000000000000000e+00 4.460000000000000000e+02 6.520000000000000000e+02 5.360000000000000000e+02
