2.588876959640508679e-01 3.000000000000000000e+00 9.710000000000000000e+02 9.940000000000000000e+02 9.600000000000000000e+01
2.087056771597260441e-01 3.000000000000000000e+00 8.880000000000000000e+02 1.330000000000000000e+02 9.880000000000000000e+02
2.031585169332751351e-01 3.000000000000000000e+00 4.080000000000000000e+02 4.090000000000000000e+02 8.390000000000000000e+02
3.313600773191218707e-01 3.000000000000000000e+00 9.530000000000000000e+02 7.500000000000000000e+02 2.920000000000000000e+02
2.906797433778784967e-01 3.000000000000000000e+00 2.550000000000000000e+02 6.410000000000000000e+02 2.820000000000000000e+02
4.433669692873898893e-01 3.000000000000000000e+00 5.930000000000000000e+02 3.650000000000000000e+02 1.240000000000000000e+02
3.585844983307545086e-01 3.000000000000000000e+00 2.640000000000000000e+02 5.960000000000000000e+02 2.820000000000000000e+02
2.906797433778784967e-01 3.000000000000000000e+00 9.710000000000000000e+02 9.940000000000000000e+02 2.820000000000000000e+02
2.588876959640508679e-01 3.000000000000000000e+00 2.550000000000000000e+02 9.940000000000000000e+02 9.600000000000000000e+01
2.031585169332751351e-01 3.000000000000000000e+00 8.880000000000000000e+02 1.330000000000000000e+02 9.880000000000000000e+02
2.031585169332751351e-01 3.000000000000000000e+00 4.080000000000000000e+02 4.090000000000000000e+02 9.880000000000000000e+02
2.031585169332751351e-01 3.000000000000000000e+00 7.410000000000000000e+02 4.090000000000000000e+02 8.390000000000000000e+02
2.031585169332751351e-01 3.000000000000000000e+00 4.080000000000000000e+02 5.960000000000000000e+02 8.390000000000000000e+02
2.031585169332751351e-01 3.000000000000000000e+00 2.640000000000000000e+02 5.960000000000000000e+02 8.390000000000000000e+02
4.433669692873898893e-01 3.000000000000000000e+00 5.930000000000000000e+02 3.650000000000000000e+02 2.820000000000000000e+02
4.433669692873898893e-01 3.000000000000000000e+00 5.930000000000000000e+02 6.310000000000000000e+02 2.820000000000000000e+02
4.433669692873898893e-01 3.000000000000000000e+00 5.930000000000000000e+02 3.650000000000000000e+02 9.880000000000000000e+02
4.433669692873898893e-01 3.000000000000000000e+00 5.930000000000000000e+02 1.330000000000000000e+02 1.240000000000000000e+02
2.906797433778784967e-01 3.000000000000000000e+00 2.550000000000000000e+02 6.410000000000000000e+02 3.750000000000000000e+02
2.031585169332751351e-01 3.000000000000000000e+00 4.080000000000000000e+02 4.090000000000000000e+02 2.820000000000000000e+02
