2.588876959640508679e-01 3.000000000000000000e+00 9.710000000000000000e+02 9.940000000000000000e+02 9.600000000000000000e+01
2.031585169332751351e-01 3.000000000000000000e+00 4.080000000000000000e+02 4.090000000000000000e+02 2.820000000000000000e+02
2.087056771597260441e-01 3.000000000000000000e+00 8.880000000000000000e+02 1.330000000000000000e+02 9.880000000000000000e+02
2.031585169332751351e-01 3.000000000000000000e+00 4.080000000000000000e+02 4.090000000000000000e+02 8.390000000000000000e+02
2.031585169332751351e-01 3.000000000000000000e+00 8.880000000000000000e+02 1.330000000000000000e+02 9.880000000000000000e+02
2.031585169332751351e-01 3.000000000000000000e+00 4.080000000000000000e+02 4.090000000000000000e+02 9.880000000000000000e+02
2.906797433778784967e-01 3.000000000000000000e+00 2.550000000000000000e+02 6.410000000000000000e+02 2.820000000000000000e+02
2.906797433778784967e-01 3.000000000000000000e+00 2.550000000000000000e+02 6.410000000000000000e+02 3.750000000000000000e+02
3.066602173674649601e-01 3.000000000000000000e+00 4.080000000000000000e+02 4.090000000000000000e+02 3.750000000000000000e+02
2.906797433778784967e-01 3.000000000000000000e+00 4.080000000000000000e+02 4.090000000000000000e+02 3.750000000000000000e+02
2.588876959640508679e-01 3.000000000000000000e+00 9.710000000000000000e+02 9.940000000000000000e+02 3.750000000000000000e+02
2.588876959640508679e-01 3.000000000000000000e+00 2.550000000000000000e+02 9.940000000000000000e+02 2.600000000000000000e+01
2.906797433778784967e-01 3.000000000000000000e+00 2.550000000000000000e+02 6.410000000000000000e+02 9.600000000000000000e+01
2.031585169332751351e-01 3.000000000000000000e+00 9.710000000000000000e+02 9.940000000000000000e+02 9.600000000000000000e+01
2.588876959640508679e-01 3.000000000000000000e+00 4.080000000000000000e+02 9.940000000000000000e+02 8.390000000000000000e+02
2.031585169332751351e-01 3.000000000000000000e+00 4.080000000000000000e+02 6.410000000000000000e+02 3.750000000000000000e+02
2.031585169332751351e-01 3.000000000000000000e+00 2.550000000000000000e+02 6.410000000000000000e+02 3.750000000000000000e+02
2.906797433778784967e-01 3.000000000000000000e+00 9.710000000000000000e+02 5.810000000000000000e+02 1.750000000000000000e+02
2.588876959640508679e-01 3.000000000000000000e+00 9.710000000000000000e+02 9.940000000000000000e+02 3.750000000000000000e+02
2.031585169332751351e-01 3.000000000000000000e+00 8.880000000000000000e+02 1.330000000000000000e+02 8.390000000000000000e+02
