2.031585169332751351e-01 3.000000000000000000e+00 6.360000000000000000e+02 4.090000000000000000e+02 9.600000000000000000e+01
2.031585169332751351e-01 3.000000000000000000e+00 9.710000000000000000e+02 6.110000000000000000e+02 2.820000000000000000e+02
2.588876959640508679e-01 3.000000000000000000e+00 9.710000000000000000e+02 9.940000000000000000e+02 3.750000000000000000e+02
2.588876959640508679e-01 3.000000000000000000e+00 9.710000000000000000e+02 9.940000000000000000e+02 3.750000000000000000e+02
2.031585169332751351e-01 3.000000000000000000e+00 9.710000000000000000e+02 9.940000000000000000e+02 3.750000000000000000e+02
2.588876959640508679e-01 3.000000000000000000e+00 9.710000000000000000e+02 9.940000000000000000e+02 9.600000000000000000e+01
2.588876959640508679e-01 3.000000000000000000e+00 3.410000000000000000e+02 8.490000000000000000e+02 9.600000000000000000e+01
2.588876959640508679e-01 3.000000000000000000e+00 9.710000000000000000e+02 6.180000000000000000e+02 9.600000000000000000e+01
3.438524566067064914e-01 3.000000000000000000e+00 9.710000000000000000e+02 9.940000000000000000e+02 3.750000000000000000e+02
2.940446778115198279e-01 3.000000000000000000e+00 9.710000000000000000e+02 9.940000000000000000e+02 9.600000000000000000e+01
2.031585169332751351e-01 3.000000000000000000e+00 6.360000000000000000e+02 6.110000000000000000e+02 2.820000000000000000e+02
2.031585169332751351e-01 3.000000000000000000e+00 6.360000000000000000e+02 6.110000000000000000e+02 2.820000000000000000e+02
2.031585169332751351e-01 3.000000000000000000e+00 9.710000000000000000e+02 6.110000000000000000e+02 4.080000000000000000e+02
2.031585169332751351e-01 3.000000000000000000e+00 9.710000000000000000e+02 6.110000000000000000e+02 9.600000000000000000e+01
2.534477978358898320e-01 3.000000000000000000e+00 9.710000000000000000e+02 9.940000000000000000e+02 3.750000000000000000e+02
2.588876959640508679e-01 3.000000000000000000e+00 9.710000000000000000e+02 6.110000000000000000e+02 2.820000000000000000e+02
2.031585169332751351e-01 3.000000000000000000e+00 9.710000000000000000e+02 6.110000000000000000e+02 3.750000000000000000e+02
2.031585169332751351e-01 3.000000000000000000e+00 9.710000000000000000e+02 6.110000000000000000e+02 3.750000000000000000e+02
2.031585169332751351e-01 3.000000000000000000e+00 6.360000000000000000e+02 4.090000000000000000e+02 3.120000000000000000e+02
2.031585169332751351e-01 3.000000000000000000e+00 5.100000000000000000e+01 4.090000000000000000e+02 9.600000000000000000e+01
