5.000000000000000278e-02 8.700933831376734817e-01 2.526070048472980334e-01 9.234124670533219170e-01 3.608403382646591107e-02 5.418361323080560926e-02 1.793777294877981973e-02
1.000000000000000056e-01 8.830897056752567975e-01 2.252083965770007579e-01 9.330349252775049784e-01 3.329059954261560927e-02 4.054209167750751769e-02 1.741951533962735749e-02
1.499999999999999944e-01 8.849157596540925264e-01 2.261429043644734849e-01 9.373288240323890408e-01 3.370829923019515867e-02 5.053214688673051541e-02 1.755268321511053997e-02
2.000000000000000111e-01 8.823479087452473779e-01 2.292003009300938310e-01 9.371245430728797343e-01 3.607923916170630019e-02 5.173181824755125613e-02 1.714745580854828977e-02
2.500000000000000000e-01 8.858229131463332129e-01 2.272659377938298364e-01 9.413469401525176306e-01 3.324453787622799750e-02 4.888585704387763547e-02 1.592722707923193218e-02
2.999999999999999889e-01 8.828136882129276053e-01 2.201589136021510351e-01 9.437407497133557532e-01 3.481157476453233812e-02 5.033459043792536114e-02 1.479203821461718901e-02
3.499999999999999778e-01 8.830083837005264780e-01 2.207514170068448356e-01 9.445889203711267390e-01 3.147415426898463042e-02 4.148320232046965456e-02 1.627476127008551168e-02
4.000000000000000222e-01 8.895606252640473333e-01 2.097388963766450010e-01 9.502174327165556766e-01 3.236576690521082711e-02 4.222028923032992986e-02 1.526799470666212639e-02
4.500000000000000111e-01 8.869078341013826305e-01 2.115071992752601826e-01 9.495374125311800695e-01 3.643359735876583461e-02 4.830015312600852151e-02 1.720229600443737641e-02
5.000000000000000000e-01 8.921875792141955586e-01 2.087027775236559857e-01 9.529936138731379680e-01 3.968470984322804845e-02 5.835677854425819905e-02 1.667531165113028332e-02
5.500000000000000444e-01 8.949732469726838779e-01 2.040581825986123032e-01 9.557419171921549550e-01 3.628389775750217455e-02 4.751048051159488528e-02 1.557162196484754985e-02
5.999999999999999778e-01 8.830798479087453856e-01 2.200208933947488954e-01 9.532189751352807550e-01 4.568371574504184740e-02 5.876054389473583939e-02 1.743099020362711207e-02
6.500000000000000222e-01 8.870637219406227736e-01 2.101008236933173401e-01 9.576336831328197130e-01 4.035681869582109782e-02 5.211091391700675701e-02 1.553589593739526133e-02
6.999999999999999556e-01 8.836713138994505279e-01 2.141655454891967791e-01 9.609073987226771640e-01 4.651411014910052100e-02 5.597653489720778169e-02 1.487484223005969969e-02
7.500000000000000000e-01 8.862696401419156711e-01 2.105061572475960541e-01 9.617547590727446583e-01 4.452360819781768508e-02 4.897481568844266886e-02 1.538790710841073800e-02
8.000000000000000444e-01 8.706653992395436692e-01 2.266399238010247397e-01 9.614456217637787905e-01 5.936520239150346046e-02 7.305359649759926577e-02 2.052126245638201049e-02
8.499999999999999778e-01 8.694932432432433966e-01 2.231918565178843683e-01 9.655198430934486264e-01 6.203746857589052116e-02 6.689241155512230808e-02 1.682303551661828642e-02
9.000000000000000222e-01 8.416856780735108012e-01 2.574484844562445196e-01 9.595939299411736512e-01 1.064519721449180834e-01 1.201853041754271517e-01 3.257896701065409600e-02
