4.725692558392178277e-01
5.464421510048886876e-01
5.949665037117508604e-01
4.767336592431649644e-01
5.545898967952199721e-01
5.172913271772587862e-01
4.207858048162230746e-01
4.939344559116422007e-01
5.107731305449936254e-01
5.022632627195364741e-01
4.535578489951113679e-01
4.636972659786348094e-01
5.799384392540286592e-01
4.541010320478001128e-01
4.713018287162774045e-01
4.280282455187398027e-01
4.046713742531233282e-01
5.299655984066630188e-01
3.729856961796125248e-01
4.553684591707405360e-01
