5.949665037117508604e-01
5.799384392540286592e-01
5.545898967952199721e-01
5.464421510048886876e-01
5.299655984066630188e-01
5.172913271772587862e-01
4.725692558392178277e-01
4.372623574144486880e-01
4.365381133441970096e-01
5.218178526163317343e-01
4.497555676262900426e-01
4.521093608546080111e-01
5.375701611443056693e-01
5.192829983704508878e-01
6.108998732572876733e-01
6.147021546261089986e-01
6.177801919246785900e-01
5.576679340937895635e-01
5.171102661596957972e-01
4.881405033496288293e-01
