2.529069848925331598e-01 3.000000000000000000e+00 4.500000000000000000e+02 5.360000000000000000e+02 6.970000000000000000e+02
4.176596316221138361e-01 2.000000000000000000e+00 7.410000000000000000e+02 8.120000000000000000e+02 3.310000000000000000e+02
2.223191226113691299e-01 3.000000000000000000e+00 7.520000000000000000e+02 1.360000000000000000e+02 4.670000000000000000e+02
4.167252053826638880e-01 1.000000000000000000e+00 4.370000000000000000e+02 5.010000000000000000e+02 5.000000000000000000e+01
4.420813460531454187e-01 2.000000000000000000e+00 5.930000000000000000e+02 6.700000000000000000e+01 4.260000000000000000e+02
2.596920249903825750e-01 2.000000000000000000e+00 3.650000000000000000e+02 4.270000000000000000e+02 4.780000000000000000e+02
4.360520581086834158e-01 2.000000000000000000e+00 1.830000000000000000e+02 8.810000000000000000e+02 2.850000000000000000e+02
3.952368442063203258e-01 2.000000000000000000e+00 3.270000000000000000e+02 2.730000000000000000e+02 4.700000000000000000e+01
2.428423130191219026e-01 2.000000000000000000e+00 5.530000000000000000e+02 7.870000000000000000e+02 2.220000000000000000e+02
2.030340397649521011e-01 2.000000000000000000e+00 5.800000000000000000e+01 7.430000000000000000e+02 5.390000000000000000e+02
3.917377565820322483e-01 3.000000000000000000e+00 1.440000000000000000e+02 7.300000000000000000e+02 1.860000000000000000e+02
4.194352716981754048e-01 2.000000000000000000e+00 1.750000000000000000e+02 6.830000000000000000e+02 2.270000000000000000e+02
2.554611692221163133e-01 3.000000000000000000e+00 7.090000000000000000e+02 5.250000000000000000e+02 3.900000000000000000e+01
4.188159525103116176e-01 1.000000000000000000e+00 1.650000000000000000e+02 9.160000000000000000e+02 6.040000000000000000e+02
2.967979456476395050e-01 1.000000000000000000e+00 1.550000000000000000e+02 5.560000000000000000e+02 2.450000000000000000e+02
4.139682249588197971e-01 1.000000000000000000e+00 3.580000000000000000e+02 6.710000000000000000e+02 1.760000000000000000e+02
2.256520332911385318e-01 2.000000000000000000e+00 9.780000000000000000e+02 1.190000000000000000e+02 2.770000000000000000e+02
4.673747073425634224e-01 2.000000000000000000e+00 8.050000000000000000e+02 1.800000000000000000e+02 5.320000000000000000e+02
2.330723028463482227e-01 1.000000000000000000e+00 6.670000000000000000e+02 5.900000000000000000e+01 2.690000000000000000e+02
4.882498654852833186e-01 3.000000000000000000e+00 2.880000000000000000e+02 4.460000000000000000e+02 8.130000000000000000e+02
