2.223191226113691299e-01 3.000000000000000000e+00 7.520000000000000000e+02 1.360000000000000000e+02 4.670000000000000000e+02
2.554611692221163133e-01 3.000000000000000000e+00 7.090000000000000000e+02 5.250000000000000000e+02 3.900000000000000000e+01
4.420813460531454187e-01 2.000000000000000000e+00 5.930000000000000000e+02 6.700000000000000000e+01 4.260000000000000000e+02
4.176596316221138361e-01 2.000000000000000000e+00 7.410000000000000000e+02 8.120000000000000000e+02 3.310000000000000000e+02
4.673747073425634224e-01 2.000000000000000000e+00 8.050000000000000000e+02 1.800000000000000000e+02 5.320000000000000000e+02
2.596920249903825750e-01 2.000000000000000000e+00 3.650000000000000000e+02 4.270000000000000000e+02 4.780000000000000000e+02
2.529069848925331598e-01 3.000000000000000000e+00 4.500000000000000000e+02 5.360000000000000000e+02 6.970000000000000000e+02
2.554611692221163133e-01 2.000000000000000000e+00 3.650000000000000000e+02 5.250000000000000000e+02 4.780000000000000000e+02
2.554611692221163133e-01 2.000000000000000000e+00 3.650000000000000000e+02 1.640000000000000000e+02 9.720000000000000000e+02
2.223191226113691299e-01 2.000000000000000000e+00 7.520000000000000000e+02 8.120000000000000000e+02 3.310000000000000000e+02
4.176596316221138361e-01 3.000000000000000000e+00 7.520000000000000000e+02 1.360000000000000000e+02 3.310000000000000000e+02
4.673747073425634224e-01 2.000000000000000000e+00 4.750000000000000000e+02 8.120000000000000000e+02 5.320000000000000000e+02
4.673747073425634224e-01 2.000000000000000000e+00 7.410000000000000000e+02 1.800000000000000000e+02 5.320000000000000000e+02
4.673747073425634224e-01 2.000000000000000000e+00 4.500000000000000000e+02 5.360000000000000000e+02 6.970000000000000000e+02
2.529069848925331598e-01 3.000000000000000000e+00 4.500000000000000000e+02 1.800000000000000000e+02 5.320000000000000000e+02
2.554611692221163133e-01 3.000000000000000000e+00 7.090000000000000000e+02 1.360000000000000000e+02 3.900000000000000000e+01
2.554611692221163133e-01 3.000000000000000000e+00 7.090000000000000000e+02 5.250000000000000000e+02 4.670000000000000000e+02
4.420813460531454187e-01 2.000000000000000000e+00 7.520000000000000000e+02 1.360000000000000000e+02 4.260000000000000000e+02
2.554611692221163133e-01 3.000000000000000000e+00 7.090000000000000000e+02 5.250000000000000000e+02 5.320000000000000000e+02
2.554611692221163133e-01 2.000000000000000000e+00 8.050000000000000000e+02 9.920000000000000000e+02 5.320000000000000000e+02
