2.554611692221163133e-01 3.000000000000000000e+00 7.090000000000000000e+02 5.250000000000000000e+02 4.670000000000000000e+02
2.554611692221163133e-01 3.000000000000000000e+00 7.090000000000000000e+02 1.360000000000000000e+02 3.900000000000000000e+01
2.529069848925331598e-01 3.000000000000000000e+00 4.500000000000000000e+02 1.800000000000000000e+02 5.320000000000000000e+02
2.223191226113691299e-01 3.000000000000000000e+00 7.520000000000000000e+02 1.360000000000000000e+02 4.670000000000000000e+02
2.554611692221163133e-01 3.000000000000000000e+00 7.090000000000000000e+02 5.250000000000000000e+02 3.900000000000000000e+01
4.673747073425634224e-01 2.000000000000000000e+00 4.500000000000000000e+02 5.360000000000000000e+02 6.970000000000000000e+02
2.554611692221163133e-01 3.000000000000000000e+00 7.090000000000000000e+02 1.360000000000000000e+02 4.670000000000000000e+02
2.554611692221163133e-01 2.000000000000000000e+00 7.090000000000000000e+02 5.250000000000000000e+02 4.670000000000000000e+02
4.673747073425634224e-01 2.000000000000000000e+00 4.500000000000000000e+02 5.360000000000000000e+02 5.320000000000000000e+02
4.673747073425634224e-01 3.000000000000000000e+00 4.500000000000000000e+02 1.800000000000000000e+02 5.320000000000000000e+02
4.868888286726081316e-01 3.000000000000000000e+00 7.090000000000000000e+02 1.360000000000000000e+02 3.900000000000000000e+01
2.223191226113691299e-01 3.000000000000000000e+00 7.090000000000000000e+02 5.250000000000000000e+02 4.670000000000000000e+02
4.049284313340698604e-01 3.000000000000000000e+00 7.090000000000000000e+02 5.250000000000000000e+02 4.670000000000000000e+02
2.687156236323484104e-01 3.000000000000000000e+00 7.090000000000000000e+02 1.800000000000000000e+02 4.670000000000000000e+02
2.529069848925331598e-01 3.000000000000000000e+00 7.090000000000000000e+02 1.800000000000000000e+02 5.320000000000000000e+02
2.223191226113691299e-01 3.000000000000000000e+00 7.090000000000000000e+02 1.360000000000000000e+02 3.900000000000000000e+01
2.529069848925331598e-01 3.000000000000000000e+00 7.090000000000000000e+02 5.250000000000000000e+02 5.320000000000000000e+02
2.554611692221163133e-01 3.000000000000000000e+00 4.500000000000000000e+02 1.800000000000000000e+02 4.670000000000000000e+02
2.529069848925331598e-01 3.000000000000000000e+00 7.090000000000000000e+02 5.250000000000000000e+02 5.320000000000000000e+02
2.529069848925331598e-01 3.000000000000000000e+00 7.090000000000000000e+02 5.250000000000000000e+02 5.320000000000000000e+02
