5.152091254752851901e-01
7.015209125475284635e-01
3.852978453738910014e-01
7.116603295310519606e-01
6.825095057034220591e-01
7.452471482889734267e-01
4.949302915082382515e-01
7.281368821292775184e-01
7.040557667934094210e-01
6.007604562737642873e-01
7.503168567807351197e-01
5.323193916349809873e-01
6.273764258555133422e-01
5.817490494296577719e-01
6.425855513307985323e-01
6.406844106463878141e-01
6.577946768060836114e-01
5.025348542458808465e-01
4.600760456273764176e-01
3.396704689480354866e-01
5.906210392902407902e-01
5.152091254752851901e-01
6.508238276299113112e-01
5.754119138149556001e-01
4.879594423320658958e-01
6.096324461343473056e-01
6.932826362484156846e-01
5.975918884664132014e-01
7.851711026615969535e-01
5.760456273764258395e-01
