7.851711026615969535e-01
7.503168567807351197e-01
7.452471482889734267e-01
7.281368821292775184e-01
7.116603295310519606e-01
7.040557667934094210e-01
7.015209125475284635e-01
6.932826362484156846e-01
6.508238276299113112e-01
5.975918884664132014e-01
5.906210392902407902e-01
5.025348542458808465e-01
6.983523447401774886e-01
6.958174904942965311e-01
7.097591888466413534e-01
6.932826362484156846e-01
7.528517110266159662e-01
5.855513307984790972e-01
5.944233206590621155e-01
6.533586818757921577e-01
5.602027883396705210e-01
6.730038022813688015e-01
7.072243346007605069e-01
6.882129277566539916e-01
6.653992395437262619e-01
6.273764258555133422e-01
7.585551330798478986e-01
7.173637515842838930e-01
7.034220532319391817e-01
6.996197718631178564e-01
