7.851711026615969535e-01
7.585551330798478986e-01
7.528517110266159662e-01
7.503168567807351197e-01
7.452471482889734267e-01
7.281368821292775184e-01
7.173637515842838930e-01
7.116603295310519606e-01
7.015209125475284635e-01
6.882129277566539916e-01
6.533586818757921577e-01
6.273764258555133422e-01
5.798479087452471648e-01
7.319391634980988437e-01
6.926489226869454452e-01
6.223067173637515381e-01
7.370088719898605367e-01
6.977186311787072492e-01
7.801013941698352605e-01
7.667934093789606775e-01
5.785804816223066860e-01
7.699619771863117634e-01
7.439797211660329479e-01
6.641318124207857831e-01
7.224334600760455860e-01
6.799746514575412126e-01
7.249683143219265435e-01
6.552598225602027648e-01
6.913814955640050774e-01
7.294043092522179972e-01
