7.851711026615969535e-01
7.801013941698352605e-01
7.699619771863117634e-01
7.667934093789606775e-01
7.585551330798478986e-01
7.528517110266159662e-01
7.503168567807351197e-01
7.452471482889734267e-01
7.281368821292775184e-01
7.224334600760455860e-01
6.799746514575412126e-01
6.273764258555133422e-01
7.503168567807351197e-01
6.666666666666666297e-01
6.311787072243345564e-01
6.026615969581748944e-01
7.490494296577946409e-01
6.958174904942965311e-01
5.760456273764258395e-01
6.977186311787072492e-01
7.015209125475284635e-01
6.799746514575412126e-01
7.268694550063371507e-01
6.920152091254753168e-01
6.977186311787072492e-01
5.665399239543725818e-01
7.566539923954372915e-01
7.623574144486692239e-01
7.515842839036754874e-01
7.122940430925222000e-01
