7.851711026615969535e-01
7.801013941698352605e-01
7.699619771863117634e-01
7.667934093789606775e-01
7.623574144486692239e-01
7.585551330798478986e-01
7.566539923954372915e-01
7.528517110266159662e-01
7.490494296577946409e-01
7.122940430925222000e-01
6.799746514575412126e-01
6.666666666666666297e-01
5.760456273764258395e-01
7.021546261089987029e-01
7.452471482889734267e-01
6.596958174904943295e-01
7.275031685678073901e-01
7.591888466413181380e-01
6.736375158428390408e-01
7.585551330798478986e-01
7.034220532319391817e-01
7.084917617237008747e-01
7.515842839036754874e-01
6.970849176172370099e-01
7.636248415716095916e-01
7.325728770595690831e-01
7.579214195183776592e-01
7.769328263624841746e-01
6.951837769328264027e-01
7.572877059569075309e-01
