7.851711026615969535e-01
7.801013941698352605e-01
7.769328263624841746e-01
7.699619771863117634e-01
7.667934093789606775e-01
7.636248415716095916e-01
7.623574144486692239e-01
7.591888466413181380e-01
7.566539923954372915e-01
7.021546261089987029e-01
6.951837769328264027e-01
7.053231939163497888e-01
6.850443599493029057e-01
7.275031685678073901e-01
7.319391634980988437e-01
7.490494296577946409e-01
7.420785804816223408e-01
7.528517110266159662e-01
6.869455006337135128e-01
7.268694550063371507e-01
7.300380228136882366e-01
6.596958174904943295e-01
7.154626108998732859e-01
7.281368821292775184e-01
7.351077313054499296e-01
7.446134347275031873e-01
7.591888466413181380e-01
7.788339670468947817e-01
6.983523447401774886e-01
7.674271229404309169e-01
