3.519324374997867544e-01 5.000000000000000000e+00 8.880000000000000000e+02 1.690000000000000000e+02 3.070000000000000000e+02 6.000000000000000000e+01 7.570000000000000000e+02
2.587926546351037582e-01 3.000000000000000000e+00 8.270000000000000000e+02 1.610000000000000000e+02 3.520000000000000000e+02 7.570000000000000000e+02 7.060000000000000000e+02
3.859207821992682308e-01 5.000000000000000000e+00 9.100000000000000000e+01 1.860000000000000000e+02 8.100000000000000000e+01 8.450000000000000000e+02 1.200000000000000000e+02
2.349667181627444756e-01 5.000000000000000000e+00 9.630000000000000000e+02 1.010000000000000000e+02 6.970000000000000000e+02 6.010000000000000000e+02 6.910000000000000000e+02
2.413434708276262497e-01 4.000000000000000000e+00 3.230000000000000000e+02 7.900000000000000000e+02 6.420000000000000000e+02 7.450000000000000000e+02 8.000000000000000000e+02
3.550786448768111780e-01 3.000000000000000000e+00 3.820000000000000000e+02 9.510000000000000000e+02 6.250000000000000000e+02 7.470000000000000000e+02 1.930000000000000000e+02
4.692145160119106095e-01 1.000000000000000000e+00 1.230000000000000000e+02 9.410000000000000000e+02 2.200000000000000000e+02 1.980000000000000000e+02 8.930000000000000000e+02
2.895219901918780758e-01 4.000000000000000000e+00 3.880000000000000000e+02 2.280000000000000000e+02 3.620000000000000000e+02 7.670000000000000000e+02 6.390000000000000000e+02
2.733754896057407069e-01 2.000000000000000000e+00 5.450000000000000000e+02 8.600000000000000000e+01 8.500000000000000000e+02 5.270000000000000000e+02 2.400000000000000000e+02
3.442660662403937977e-01 1.000000000000000000e+00 3.620000000000000000e+02 5.870000000000000000e+02 3.720000000000000000e+02 7.910000000000000000e+02 8.920000000000000000e+02
3.013591068063011802e-01 4.000000000000000000e+00 9.800000000000000000e+02 5.190000000000000000e+02 4.770000000000000000e+02 7.340000000000000000e+02 9.650000000000000000e+02
2.097980669639459839e-01 1.000000000000000000e+00 2.960000000000000000e+02 5.150000000000000000e+02 7.920000000000000000e+02 2.600000000000000000e+01 8.430000000000000000e+02
3.078113992782274266e-01 3.000000000000000000e+00 7.100000000000000000e+01 5.260000000000000000e+02 6.190000000000000000e+02 6.800000000000000000e+01 9.010000000000000000e+02
3.632371050998582929e-01 5.000000000000000000e+00 1.840000000000000000e+02 8.080000000000000000e+02 6.520000000000000000e+02 9.700000000000000000e+02 1.340000000000000000e+02
2.077651331560501635e-01 3.000000000000000000e+00 9.870000000000000000e+02 7.300000000000000000e+02 5.440000000000000000e+02 8.450000000000000000e+02 5.680000000000000000e+02
3.100143347350057255e-01 2.000000000000000000e+00 9.950000000000000000e+02 3.880000000000000000e+02 9.430000000000000000e+02 9.890000000000000000e+02 2.210000000000000000e+02
3.820621059644326856e-01 4.000000000000000000e+00 5.790000000000000000e+02 5.380000000000000000e+02 7.270000000000000000e+02 2.260000000000000000e+02 8.730000000000000000e+02
4.887407161261589916e-01 3.000000000000000000e+00 5.600000000000000000e+02 1.260000000000000000e+02 9.070000000000000000e+02 2.500000000000000000e+01 4.950000000000000000e+02
4.807731882952644975e-01 5.000000000000000000e+00 4.460000000000000000e+02 5.030000000000000000e+02 8.660000000000000000e+02 1.020000000000000000e+02 7.460000000000000000e+02
4.688140594123496596e-01 5.000000000000000000e+00 7.900000000000000000e+01 1.580000000000000000e+02 5.860000000000000000e+02 4.650000000000000000e+02 7.060000000000000000e+02
4.313096531280709023e-01 3.000000000000000000e+00 5.850000000000000000e+02 3.110000000000000000e+02 2.840000000000000000e+02 2.530000000000000000e+02 3.940000000000000000e+02
2.442009103046139662e-01 1.000000000000000000e+00 5.450000000000000000e+02 3.920000000000000000e+02 3.760000000000000000e+02 9.460000000000000000e+02 2.200000000000000000e+01
3.206494618217328174e-01 4.000000000000000000e+00 7.120000000000000000e+02 8.520000000000000000e+02 1.070000000000000000e+02 5.510000000000000000e+02 5.470000000000000000e+02
3.761712800149797920e-01 3.000000000000000000e+00 2.900000000000000000e+02 6.820000000000000000e+02 2.840000000000000000e+02 8.290000000000000000e+02 5.110000000000000000e+02
4.266192086019621743e-01 3.000000000000000000e+00 7.600000000000000000e+01 9.500000000000000000e+02 7.230000000000000000e+02 9.040000000000000000e+02 5.120000000000000000e+02
4.111456980649456083e-01 3.000000000000000000e+00 2.860000000000000000e+02 5.490000000000000000e+02 1.440000000000000000e+02 7.720000000000000000e+02 4.210000000000000000e+02
3.512904263830504137e-01 2.000000000000000000e+00 6.100000000000000000e+02 1.190000000000000000e+02 2.410000000000000000e+02 8.960000000000000000e+02 8.790000000000000000e+02
3.940975119890280931e-01 3.000000000000000000e+00 3.940000000000000000e+02 3.590000000000000000e+02 6.540000000000000000e+02 5.290000000000000000e+02 8.400000000000000000e+02
2.072042074011686552e-01 5.000000000000000000e+00 8.760000000000000000e+02 4.610000000000000000e+02 4.370000000000000000e+02 9.290000000000000000e+02 4.040000000000000000e+02
3.411344894287146046e-01 2.000000000000000000e+00 1.780000000000000000e+02 8.810000000000000000e+02 6.110000000000000000e+02 4.100000000000000000e+02 7.440000000000000000e+02
