2.072042074011686552e-01 5.000000000000000000e+00 8.760000000000000000e+02 4.610000000000000000e+02 4.370000000000000000e+02 9.290000000000000000e+02 4.040000000000000000e+02
3.013591068063011802e-01 4.000000000000000000e+00 9.800000000000000000e+02 5.190000000000000000e+02 4.770000000000000000e+02 7.340000000000000000e+02 9.650000000000000000e+02
3.550786448768111780e-01 3.000000000000000000e+00 3.820000000000000000e+02 9.510000000000000000e+02 6.250000000000000000e+02 7.470000000000000000e+02 1.930000000000000000e+02
2.895219901918780758e-01 4.000000000000000000e+00 3.880000000000000000e+02 2.280000000000000000e+02 3.620000000000000000e+02 7.670000000000000000e+02 6.390000000000000000e+02
2.349667181627444756e-01 5.000000000000000000e+00 9.630000000000000000e+02 1.010000000000000000e+02 6.970000000000000000e+02 6.010000000000000000e+02 6.910000000000000000e+02
2.733754896057407069e-01 2.000000000000000000e+00 5.450000000000000000e+02 8.600000000000000000e+01 8.500000000000000000e+02 5.270000000000000000e+02 2.400000000000000000e+02
2.587926546351037582e-01 3.000000000000000000e+00 8.270000000000000000e+02 1.610000000000000000e+02 3.520000000000000000e+02 7.570000000000000000e+02 7.060000000000000000e+02
3.512904263830504137e-01 2.000000000000000000e+00 6.100000000000000000e+02 1.190000000000000000e+02 2.410000000000000000e+02 8.960000000000000000e+02 8.790000000000000000e+02
3.206494618217328174e-01 4.000000000000000000e+00 7.120000000000000000e+02 8.520000000000000000e+02 1.070000000000000000e+02 5.510000000000000000e+02 5.470000000000000000e+02
3.940975119890280931e-01 3.000000000000000000e+00 3.940000000000000000e+02 3.590000000000000000e+02 6.540000000000000000e+02 5.290000000000000000e+02 8.400000000000000000e+02
4.313096531280709023e-01 3.000000000000000000e+00 5.850000000000000000e+02 3.110000000000000000e+02 2.840000000000000000e+02 2.530000000000000000e+02 3.940000000000000000e+02
4.887407161261589916e-01 3.000000000000000000e+00 5.600000000000000000e+02 1.260000000000000000e+02 9.070000000000000000e+02 2.500000000000000000e+01 4.950000000000000000e+02
2.895219901918780758e-01 3.000000000000000000e+00 3.940000000000000000e+02 3.590000000000000000e+02 6.540000000000000000e+02 7.670000000000000000e+02 6.390000000000000000e+02
2.895219901918780758e-01 3.000000000000000000e+00 3.880000000000000000e+02 3.590000000000000000e+02 1.250000000000000000e+02 7.670000000000000000e+02 6.390000000000000000e+02
3.940975119890280931e-01 2.000000000000000000e+00 6.100000000000000000e+02 1.190000000000000000e+02 3.770000000000000000e+02 5.290000000000000000e+02 8.790000000000000000e+02
3.601350891886529459e-01 3.000000000000000000e+00 3.940000000000000000e+02 7.770000000000000000e+02 2.410000000000000000e+02 5.290000000000000000e+02 2.820000000000000000e+02
3.206494618217328174e-01 4.000000000000000000e+00 5.850000000000000000e+02 8.520000000000000000e+02 2.840000000000000000e+02 2.530000000000000000e+02 3.940000000000000000e+02
4.313096531280709023e-01 4.000000000000000000e+00 7.120000000000000000e+02 3.110000000000000000e+02 1.070000000000000000e+02 2.530000000000000000e+02 5.470000000000000000e+02
2.349667181627444756e-01 3.000000000000000000e+00 3.820000000000000000e+02 1.010000000000000000e+02 6.250000000000000000e+02 7.470000000000000000e+02 6.910000000000000000e+02
2.349667181627444756e-01 3.000000000000000000e+00 3.820000000000000000e+02 9.510000000000000000e+02 6.250000000000000000e+02 6.010000000000000000e+02 1.930000000000000000e+02
4.764056611526382712e-01 4.000000000000000000e+00 4.450000000000000000e+02 8.600000000000000000e+01 8.500000000000000000e+02 5.110000000000000000e+02 2.400000000000000000e+02
3.206494618217328174e-01 2.000000000000000000e+00 5.450000000000000000e+02 8.520000000000000000e+02 8.500000000000000000e+02 5.510000000000000000e+02 2.400000000000000000e+02
2.587926546351037582e-01 5.000000000000000000e+00 5.850000000000000000e+02 1.960000000000000000e+02 2.840000000000000000e+02 4.460000000000000000e+02 7.060000000000000000e+02
2.587926546351037582e-01 3.000000000000000000e+00 8.270000000000000000e+02 3.110000000000000000e+02 2.840000000000000000e+02 7.570000000000000000e+02 3.940000000000000000e+02
2.733754896057407069e-01 2.000000000000000000e+00 3.820000000000000000e+02 8.600000000000000000e+01 8.500000000000000000e+02 5.680000000000000000e+02 1.930000000000000000e+02
2.733754896057407069e-01 3.000000000000000000e+00 5.450000000000000000e+02 8.600000000000000000e+01 8.500000000000000000e+02 5.270000000000000000e+02 5.000000000000000000e+02
2.072042074011686552e-01 4.000000000000000000e+00 8.760000000000000000e+02 2.280000000000000000e+02 3.620000000000000000e+02 9.290000000000000000e+02 6.390000000000000000e+02
2.895219901918780758e-01 5.000000000000000000e+00 3.880000000000000000e+02 2.280000000000000000e+02 3.620000000000000000e+02 9.290000000000000000e+02 4.040000000000000000e+02
2.587926546351037582e-01 5.000000000000000000e+00 9.630000000000000000e+02 1.610000000000000000e+02 3.520000000000000000e+02 7.570000000000000000e+02 7.060000000000000000e+02
2.349667181627444756e-01 5.000000000000000000e+00 8.270000000000000000e+02 1.610000000000000000e+02 1.050000000000000000e+02 6.010000000000000000e+02 6.910000000000000000e+02
