2.072042074011686552e-01 5.000000000000000000e+00 8.760000000000000000e+02 4.610000000000000000e+02 4.370000000000000000e+02 9.290000000000000000e+02 4.040000000000000000e+02
2.587926546351037582e-01 4.000000000000000000e+00 8.270000000000000000e+02 5.190000000000000000e+02 4.770000000000000000e+02 7.340000000000000000e+02 9.650000000000000000e+02
3.013591068063011802e-01 4.000000000000000000e+00 9.800000000000000000e+02 2.280000000000000000e+02 4.770000000000000000e+02 9.290000000000000000e+02 6.390000000000000000e+02
2.587926546351037582e-01 4.000000000000000000e+00 9.800000000000000000e+02 3.110000000000000000e+02 2.840000000000000000e+02 7.340000000000000000e+02 3.940000000000000000e+02
2.072042074011686552e-01 4.000000000000000000e+00 8.760000000000000000e+02 2.280000000000000000e+02 3.620000000000000000e+02 9.290000000000000000e+02 6.390000000000000000e+02
3.206494618217328174e-01 4.000000000000000000e+00 5.850000000000000000e+02 8.520000000000000000e+02 2.840000000000000000e+02 2.530000000000000000e+02 3.940000000000000000e+02
3.013591068063011802e-01 4.000000000000000000e+00 9.800000000000000000e+02 5.190000000000000000e+02 4.770000000000000000e+02 7.340000000000000000e+02 9.650000000000000000e+02
3.550786448768111780e-01 3.000000000000000000e+00 3.820000000000000000e+02 9.510000000000000000e+02 6.250000000000000000e+02 7.470000000000000000e+02 1.930000000000000000e+02
2.895219901918780758e-01 4.000000000000000000e+00 3.880000000000000000e+02 2.280000000000000000e+02 3.620000000000000000e+02 7.670000000000000000e+02 6.390000000000000000e+02
2.733754896057407069e-01 4.000000000000000000e+00 8.760000000000000000e+02 8.600000000000000000e+01 8.500000000000000000e+02 5.270000000000000000e+02 5.000000000000000000e+02
2.733754896057407069e-01 4.000000000000000000e+00 8.760000000000000000e+02 2.280000000000000000e+02 8.500000000000000000e+02 5.270000000000000000e+02 6.390000000000000000e+02
2.733754896057407069e-01 3.000000000000000000e+00 5.450000000000000000e+02 8.600000000000000000e+01 8.500000000000000000e+02 5.270000000000000000e+02 5.000000000000000000e+02
2.448106639804136231e-01 4.000000000000000000e+00 8.760000000000000000e+02 2.280000000000000000e+02 4.370000000000000000e+02 9.290000000000000000e+02 4.040000000000000000e+02
2.072042074011686552e-01 5.000000000000000000e+00 8.760000000000000000e+02 4.610000000000000000e+02 4.370000000000000000e+02 9.290000000000000000e+02 2.300000000000000000e+02
3.243079087341573796e-01 3.000000000000000000e+00 3.820000000000000000e+02 3.110000000000000000e+02 6.250000000000000000e+02 7.470000000000000000e+02 1.930000000000000000e+02
3.550786448768111780e-01 3.000000000000000000e+00 3.820000000000000000e+02 1.760000000000000000e+02 2.840000000000000000e+02 7.470000000000000000e+02 1.930000000000000000e+02
2.587926546351037582e-01 5.000000000000000000e+00 8.760000000000000000e+02 5.190000000000000000e+02 4.770000000000000000e+02 7.340000000000000000e+02 4.040000000000000000e+02
2.072042074011686552e-01 3.000000000000000000e+00 4.760000000000000000e+02 4.610000000000000000e+02 4.370000000000000000e+02 9.290000000000000000e+02 4.040000000000000000e+02
3.339042025469288744e-01 4.000000000000000000e+00 8.760000000000000000e+02 2.200000000000000000e+01 4.770000000000000000e+02 7.340000000000000000e+02 7.210000000000000000e+02
2.733754896057407069e-01 4.000000000000000000e+00 8.270000000000000000e+02 5.190000000000000000e+02 4.770000000000000000e+02 7.340000000000000000e+02 6.390000000000000000e+02
2.733754896057407069e-01 4.000000000000000000e+00 9.800000000000000000e+02 4.720000000000000000e+02 2.840000000000000000e+02 5.270000000000000000e+02 4.760000000000000000e+02
4.931598196138256007e-01 4.000000000000000000e+00 9.800000000000000000e+02 3.110000000000000000e+02 8.500000000000000000e+02 5.270000000000000000e+02 5.000000000000000000e+02
2.587926546351037582e-01 4.000000000000000000e+00 9.800000000000000000e+02 3.110000000000000000e+02 2.840000000000000000e+02 9.290000000000000000e+02 3.940000000000000000e+02
3.013591068063011802e-01 4.000000000000000000e+00 9.800000000000000000e+02 3.110000000000000000e+02 7.500000000000000000e+02 7.340000000000000000e+02 6.390000000000000000e+02
2.895219901918780758e-01 3.000000000000000000e+00 3.880000000000000000e+02 4.030000000000000000e+02 8.500000000000000000e+02 5.270000000000000000e+02 5.000000000000000000e+02
2.895219901918780758e-01 3.000000000000000000e+00 5.450000000000000000e+02 8.600000000000000000e+01 3.620000000000000000e+02 7.670000000000000000e+02 6.390000000000000000e+02
3.013591068063011802e-01 4.000000000000000000e+00 9.800000000000000000e+02 8.600000000000000000e+01 8.500000000000000000e+02 7.340000000000000000e+02 9.650000000000000000e+02
3.013591068063011802e-01 4.000000000000000000e+00 5.450000000000000000e+02 5.190000000000000000e+02 4.770000000000000000e+02 7.340000000000000000e+02 9.650000000000000000e+02
2.733754896057407069e-01 4.000000000000000000e+00 5.450000000000000000e+02 5.680000000000000000e+02 8.500000000000000000e+02 5.270000000000000000e+02 5.000000000000000000e+02
3.206494618217328174e-01 4.000000000000000000e+00 9.800000000000000000e+02 2.280000000000000000e+02 2.840000000000000000e+02 9.290000000000000000e+02 3.940000000000000000e+02
