2.072042074011686552e-01 5.000000000000000000e+00 8.760000000000000000e+02 4.610000000000000000e+02 4.370000000000000000e+02 9.290000000000000000e+02 4.040000000000000000e+02
2.587926546351037582e-01 4.000000000000000000e+00 8.270000000000000000e+02 5.190000000000000000e+02 4.770000000000000000e+02 7.340000000000000000e+02 9.650000000000000000e+02
3.013591068063011802e-01 5.000000000000000000e+00 8.760000000000000000e+02 5.190000000000000000e+02 4.770000000000000000e+02 9.290000000000000000e+02 4.040000000000000000e+02
3.339042025469288744e-01 4.000000000000000000e+00 8.760000000000000000e+02 8.520000000000000000e+02 2.840000000000000000e+02 9.710000000000000000e+02 7.210000000000000000e+02
3.013591068063011802e-01 4.000000000000000000e+00 9.800000000000000000e+02 2.280000000000000000e+02 4.770000000000000000e+02 9.290000000000000000e+02 6.390000000000000000e+02
2.072042074011686552e-01 4.000000000000000000e+00 8.760000000000000000e+02 4.610000000000000000e+02 5.380000000000000000e+02 9.290000000000000000e+02 3.940000000000000000e+02
2.587926546351037582e-01 4.000000000000000000e+00 9.800000000000000000e+02 3.110000000000000000e+02 2.840000000000000000e+02 7.340000000000000000e+02 3.940000000000000000e+02
3.013591068063011802e-01 4.000000000000000000e+00 9.800000000000000000e+02 8.600000000000000000e+01 8.500000000000000000e+02 9.290000000000000000e+02 3.940000000000000000e+02
3.013591068063011802e-01 4.000000000000000000e+00 9.800000000000000000e+02 5.190000000000000000e+02 2.840000000000000000e+02 7.340000000000000000e+02 9.650000000000000000e+02
3.013591068063011802e-01 4.000000000000000000e+00 8.760000000000000000e+02 8.600000000000000000e+01 6.080000000000000000e+02 2.530000000000000000e+02 8.650000000000000000e+02
4.029841545327507157e-01 5.000000000000000000e+00 5.450000000000000000e+02 5.950000000000000000e+02 4.370000000000000000e+02 9.290000000000000000e+02 4.040000000000000000e+02
3.013591068063011802e-01 5.000000000000000000e+00 8.760000000000000000e+02 5.190000000000000000e+02 8.500000000000000000e+02 9.290000000000000000e+02 3.940000000000000000e+02
3.013591068063011802e-01 4.000000000000000000e+00 8.760000000000000000e+02 8.600000000000000000e+01 4.770000000000000000e+02 9.290000000000000000e+02 2.520000000000000000e+02
3.339042025469288744e-01 4.000000000000000000e+00 8.760000000000000000e+02 8.520000000000000000e+02 2.060000000000000000e+02 9.710000000000000000e+02 8.990000000000000000e+02
2.587926546351037582e-01 4.000000000000000000e+00 8.760000000000000000e+02 9.440000000000000000e+02 1.450000000000000000e+02 7.340000000000000000e+02 3.940000000000000000e+02
3.339042025469288744e-01 4.000000000000000000e+00 8.760000000000000000e+02 8.520000000000000000e+02 5.380000000000000000e+02 9.290000000000000000e+02 7.210000000000000000e+02
2.072042074011686552e-01 4.000000000000000000e+00 4.000000000000000000e+02 4.610000000000000000e+02 5.380000000000000000e+02 9.710000000000000000e+02 3.940000000000000000e+02
3.013591068063011802e-01 5.000000000000000000e+00 9.800000000000000000e+02 7.790000000000000000e+02 3.340000000000000000e+02 7.340000000000000000e+02 6.390000000000000000e+02
3.013591068063011802e-01 4.000000000000000000e+00 9.800000000000000000e+02 5.160000000000000000e+02 2.840000000000000000e+02 7.340000000000000000e+02 6.390000000000000000e+02
2.072042074011686552e-01 4.000000000000000000e+00 9.800000000000000000e+02 4.610000000000000000e+02 4.770000000000000000e+02 9.290000000000000000e+02 6.390000000000000000e+02
4.623543523760811902e-01 4.000000000000000000e+00 9.800000000000000000e+02 1.120000000000000000e+02 4.770000000000000000e+02 9.290000000000000000e+02 4.040000000000000000e+02
2.865998272377336953e-01 4.000000000000000000e+00 9.800000000000000000e+02 8.600000000000000000e+01 6.080000000000000000e+02 9.290000000000000000e+02 8.650000000000000000e+02
3.013591068063011802e-01 4.000000000000000000e+00 8.760000000000000000e+02 8.600000000000000000e+01 8.500000000000000000e+02 2.530000000000000000e+02 8.650000000000000000e+02
2.587926546351037582e-01 4.000000000000000000e+00 9.800000000000000000e+02 3.110000000000000000e+02 2.840000000000000000e+02 7.340000000000000000e+02 6.600000000000000000e+02
2.587926546351037582e-01 4.000000000000000000e+00 9.800000000000000000e+02 3.110000000000000000e+02 2.840000000000000000e+02 7.340000000000000000e+02 9.650000000000000000e+02
3.013591068063011802e-01 4.000000000000000000e+00 8.760000000000000000e+02 8.520000000000000000e+02 2.840000000000000000e+02 2.530000000000000000e+02 8.650000000000000000e+02
3.013591068063011802e-01 4.000000000000000000e+00 8.760000000000000000e+02 8.520000000000000000e+02 1.450000000000000000e+02 9.710000000000000000e+02 7.210000000000000000e+02
2.587926546351037582e-01 4.000000000000000000e+00 8.760000000000000000e+02 3.110000000000000000e+02 2.840000000000000000e+02 9.290000000000000000e+02 3.940000000000000000e+02
2.072042074011686552e-01 4.000000000000000000e+00 8.760000000000000000e+02 4.790000000000000000e+02 9.470000000000000000e+02 7.340000000000000000e+02 3.940000000000000000e+02
3.339042025469288744e-01 4.000000000000000000e+00 8.760000000000000000e+02 8.600000000000000000e+01 2.840000000000000000e+02 9.290000000000000000e+02 3.940000000000000000e+02
