5.000000000000000278e-02 9.910552294557095632e-01 4.129741478062768333e-03
1.000000000000000056e-01 9.908857907336993120e-01 4.533963769667034328e-03
1.499999999999999944e-01 9.915506187565226170e-01 3.133048349047458728e-03
2.000000000000000111e-01 9.916207224334604442e-01 3.963617120504068538e-03
2.500000000000000000e-01 9.912369043595805618e-01 3.680266364396180077e-03
2.999999999999999889e-01 9.911008509867825778e-01 5.368352303983536106e-03
3.499999999999999778e-01 9.911308247221680690e-01 3.414866053183789746e-03
4.000000000000000222e-01 9.909780312632020527e-01 4.245859317636570089e-03
4.500000000000000111e-01 9.909907834101382429e-01 4.286643276748045191e-03
5.000000000000000000e-01 9.907021546261087774e-01 5.442076449309793049e-03
5.500000000000000444e-01 9.913686285553364730e-01 3.564212914347259127e-03
5.999999999999999778e-01 9.910646387832697801e-01 4.448876823626323439e-03
6.500000000000000222e-01 9.915025343953657311e-01 4.616881723401645640e-03
6.999999999999999556e-01 9.911280101394168707e-01 4.381136235127477269e-03
7.500000000000000000e-01 9.901926001013684475e-01 5.460917858115616787e-03
8.000000000000000444e-01 9.882382762991138714e-01 5.102334813182388649e-03
8.499999999999999778e-01 9.845185810810808125e-01 8.918419026480236753e-03
9.000000000000000222e-01 9.670215462610898260e-01 1.781984505927725407e-02
