5.000000000000000278e-02 9.131456776947709519e-01 2.150496175233076734e-01 8.880783824157216788e-01 1.306249933768828097e-03 3.099641036052121126e-03 3.351690764179779403e-03
1.000000000000000056e-01 9.132403886776511159e-01 2.145641858718832784e-01 8.889896275805116987e-01 1.830260033550716028e-03 3.965341144525832973e-03 4.320191872221937172e-03
1.499999999999999944e-01 9.136424630982551420e-01 2.138481540330934572e-01 8.895684145423098377e-01 2.065423818607027909e-03 5.260044100256050167e-03 5.391352827262356137e-03
2.000000000000000111e-01 9.139607097591887497e-01 2.127835968484549645e-01 8.909055412391821971e-01 2.406305606606388894e-03 6.098348232913083748e-03 6.650198955846367728e-03
2.500000000000000000e-01 9.142108820547478754e-01 2.125600283557262937e-01 8.912593939593235204e-01 2.649907986497730249e-03 6.587182827312046580e-03 7.459638509097680018e-03
2.999999999999999889e-01 9.146786166938258855e-01 2.116172933516572430e-01 8.926183148485909991e-01 2.997077269475200735e-03 7.655770870891961087e-03 8.516172257277040622e-03
3.499999999999999778e-01 9.150848118541626830e-01 2.101545737028986949e-01 8.942113061745651237e-01 3.196964013324336048e-03 9.349728560426696228e-03 9.592334071460406272e-03
4.000000000000000222e-01 9.159780312632019861e-01 2.085862038372570393e-01 8.959724832961845076e-01 3.030968043816816698e-03 9.748087986457647236e-03 1.060265072755029077e-02
4.500000000000000111e-01 9.167419354838710621e-01 2.054007902267734886e-01 8.988591428458070354e-01 3.623189649817993435e-03 1.067565841699631181e-02 1.155353027055512280e-02
5.000000000000000000e-01 9.177135614702158772e-01 2.021882746730620517e-01 9.014426356144528141e-01 3.980573560761969248e-03 1.152359311685291314e-02 1.299421025244661826e-02
5.500000000000000444e-01 9.186116586876935663e-01 2.010144630457092740e-01 9.020316095947050750e-01 3.980884370965423816e-03 1.267011802897211915e-02 1.412897147324865439e-02
5.999999999999999778e-01 9.201837769328270467e-01 1.976465794186106351e-01 9.044120050725041882e-01 4.248599284883477524e-03 1.452689449980563118e-02 1.495103005357544326e-02
6.500000000000000222e-01 9.224800868935554288e-01 1.920738980143509855e-01 9.090182938819851843e-01 4.915947113092345756e-03 1.571686653207060580e-02 1.639803044170138474e-02
6.999999999999999556e-01 9.259907055344314131e-01 1.857137706394052790e-01 9.134417102955323386e-01 4.671129557018887171e-03 1.622998280723474823e-02 1.722356582535705671e-02
7.500000000000000000e-01 9.295894576786616348e-01 1.769382261582443661e-01 9.189759542254337665e-01 4.871849450908358539e-03 1.805307298796534135e-02 1.956437985865601761e-02
8.000000000000000444e-01 9.332762991128007446e-01 1.699540719042423043e-01 9.242644424658642555e-01 5.723310626459801251e-03 2.014882198604969754e-02 2.130756255453697748e-02
8.499999999999999778e-01 9.410304054054051681e-01 1.561408807253115150e-01 9.309986161202884469e-01 5.364844654124913646e-03 2.330762198424319795e-02 2.178424076381908422e-02
9.000000000000000222e-01 9.523067173637516092e-01 1.325421637397673214e-01 9.444313128933053969e-01 7.162152059872187691e-03 2.378614602708734385e-02 2.138511015293604808e-02
